0	0	4,5	NAN
0,1	0	4,5	NAN
0,2	0,0015	4,5	NAN
0,3	0	4,5	NAN
0,4	-0,0015	4,5	NAN
0,5	0	5	NAN
0,6	0	5	NAN
0,7	0	4,5	NAN
0,8	0	4,5	NAN
0,9	0	5	NAN
1	-0,0015	4,5	NAN
1,1	0	4,5	NAN
1,2	0	4,5	NAN
1,3	-0,0015	4,5	NAN
1,4	0	5	NAN
1,5	0	4,5	NAN
1,6	0,0015	5	NAN
1,7	-0,0015	5	NAN
1,8	-0,0015	4,5	NAN
1,9	0	5	NAN
2	0	4,5	NAN
2,1	0	5	NAN
2,2	-0,0015	4,5	NAN
2,3	-0,0015	4,5	NAN
2,4	0	4,5	NAN
2,5	0	5,5	NAN
2,6	-0,0015	4,5	NAN
2,7	-0,0015	5	NAN
2,8	0,0015	4,5	NAN
2,9	-0,0015	4,5	NAN
3	0	4,5	NAN
3,1	0	5	NAN
3,2	-0,0015	5	NAN
3,3	0	4,5	NAN
3,4	-0,0015	4,5	NAN
3,5	0	5	NAN
3,6	0	5	NAN
3,7	0	5	NAN
3,8	0	5	NAN
3,9	0	5	NAN
4	0	4,5	NAN
4,1	-0,0015	5	NAN
4,2	0	4,5	NAN
4,3	-0,018	6	NAN
4,4	-0,042	12	NAN
4,5	-0,0615	18	NAN
4,6	-0,105	29,5	NAN
4,7	-0,1155	35,5	NAN
4,8	-0,132	42	NAN
4,9	-0,1665	53	NAN
5	-0,201	68	NAN
5,1	-0,2205	77,5	NAN
5,2	-0,2295	82	NAN
5,3	-0,2475	89,5	NAN
5,4	-0,2775	102	NAN
5,5	-0,2895	109,5	NAN
5,6	-0,315	118,5	NAN
5,7	-0,3345	128,5	NAN
5,8	-0,342	133,5	NAN
5,9	-0,348	137,5	NAN
6	-0,366	144	NAN
6,1	-0,381	151,5	NAN
6,2	-0,4035	160,5	NAN
6,3	-0,417	168	NAN
6,4	-0,4485	179,5	NAN
6,5	-0,4785	195	NAN
6,6	-0,498	204	NAN
6,7	-0,519	214	NAN
6,8	-0,546	226	NAN
6,9	-0,561	234	NAN
7	-0,579	242	NAN
7,1	-0,5955	250	NAN
7,2	-0,624	262	NAN
7,3	-0,654	273,5	NAN
7,4	-0,678	284	NAN
7,5	-0,7155	299,5	NAN
7,6	-0,7035	302,5	NAN
7,7	-0,7035	303	NAN
7,8	-0,7065	303,5	NAN
7,9	-0,834	336,5	NAN
8	-0,9705	389,5	NAN
8,1	-1,0065	412	NAN
8,2	-1,0485	428	NAN
8,3	-1,0785	443	NAN
8,4	-1,095	450	NAN
8,5	-1,131	462	NAN
8,6	-1,1535	470,5	NAN
8,7	-1,1835	480,5	NAN
8,8	-1,215	492	NAN
8,9	-1,2495	503,5	NAN
9	-1,2645	510,5	NAN
9,1	-1,293	519	NAN
9,2	-1,3095	526	NAN
9,3	-1,3395	535	NAN
9,4	-1,356	541,5	NAN
9,5	-1,3785	548	NAN
9,6	-1,4085	556,5	NAN
9,7	-1,4355	565,5	NAN
9,8	-1,4775	578,5	NAN
9,9	-1,4835	583,5	NAN
10	-1,485	586	NAN
10,1	-1,491	587,5	NAN
10,2	-1,5135	592,5	NAN
10,3	-1,5345	598,5	NAN
10,4	-1,5555	605	NAN
10,5	-1,572	611	NAN
10,6	-1,5945	618	NAN
10,7	-1,6155	623,5	NAN
10,8	-1,6455	632	NAN
10,9	-1,6785	641,5	NAN
11	-1,707	650	NAN
11,1	-1,749	662	NAN
11,2	-1,776	671,5	NAN
11,3	-1,788	676,5	NAN
11,4	-1,8135	683,5	NAN
11,5	-1,845	692	NAN
11,6	-1,845	695	NAN
11,7	-1,8225	693,5	NAN
11,8	-1,8225	693,5	NAN
11,9	-1,8285	693,5	NAN
12	-1,878	700	NAN
12,1	-1,971	720,5	NAN
12,2	-2,028	739	NAN
12,3	-2,034	745,5	NAN
12,4	-2,043	749	NAN
12,5	-2,097	759,5	NAN
12,6	-2,139	771,5	NAN
12,7	-2,1615	779	NAN
12,8	-2,202	788	NAN
12,9	-2,22	794,5	NAN
13	-2,2335	798,5	NAN
13,1	-2,265	806	NAN
13,2	-2,3055	814,5	NAN
13,3	-2,3355	822	NAN
13,4	-2,343	826,5	NAN
13,5	-2,3505	829	NAN
13,6	-2,358	831	NAN
13,7	-2,3685	833	NAN
13,8	-2,3745	835,5	NAN
13,9	-2,3805	836,5	NAN
14	-2,3925	839	NAN
14,1	-2,4045	841,5	NAN
14,2	-2,418	844,5	NAN
14,3	-2,4255	846,5	NAN
14,4	-2,433	848	NAN
14,5	-2,445	851	NAN
14,6	-2,46	854	NAN
14,7	-2,4675	856	NAN
14,8	-2,4855	859,5	NAN
14,9	-2,4915	861,5	NAN
15	-2,493	862,5	NAN
15,1	-2,502	863,5	NAN
15,2	-2,5125	866	NAN
15,3	-2,5245	868,5	NAN
15,4	-2,535	871	NAN
15,5	-2,5485	873,5	NAN
15,6	-2,556	876	NAN
15,7	-2,523	874	NAN
15,8	-2,5275	874	NAN
15,9	-2,5335	874	NAN
16	-2,5815	879	NAN
16,1	-2,6325	888	NAN
16,2	-2,664	895,5	NAN
16,3	-2,6895	901,5	NAN
16,4	-2,73	909	NAN
16,5	-2,7525	914,5	NAN
16,6	-2,772	918,5	NAN
16,7	-2,787	921,5	NAN
16,8	-2,8035	925	NAN
16,9	-2,814	927,5	NAN
17	-2,829	930	NAN
17,1	-2,844	932,5	NAN
17,2	-2,8485	934	NAN
17,3	-2,8515	934,5	NAN
17,4	-2,8545	935,5	NAN
17,5	-2,865	937	NAN
17,6	-2,8965	941	NAN
17,7	-2,9055	944	NAN
17,8	-2,9055	944,5	NAN
17,9	-2,9055	944,5	NAN
18	-2,904	944,5	NAN
18,1	-2,9025	944,5	NAN
18,2	-2,9025	944,5	NAN
18,3	-2,904	944,5	NAN
18,4	-2,9025	944,5	NAN
18,5	-2,904	944,5	NAN
18,6	-2,904	944,5	NAN
18,7	-2,9025	944,5	NAN
18,8	-2,9025	944,5	NAN
18,9	-2,9025	944,5	NAN
19	-2,9025	944,5	NAN
19,1	-2,904	944,5	NAN
19,2	-2,904	944,5	NAN
19,3	-2,9025	944,5	NAN
19,4	-2,904	944,5	NAN
19,5	-2,904	944,5	NAN
19,6	-2,9025	944,5	NAN
19,7	-2,904	944,5	NAN
19,8	-2,9055	944,5	NAN
19,9	-2,9025	944,5	NAN
20	-2,9025	944,5	NAN
20,1	-2,904	944,5	NAN
20,2	-2,9025	944,5	NAN
20,3	-2,9025	944,5	NAN
20,4	-2,904	944,5	NAN
20,5	-2,9055	944,5	NAN
20,6	-2,9025	944,5	NAN
20,7	-2,9025	944,5	NAN
20,8	-2,9025	944,5	NAN
20,9	-2,9025	944	NAN
21	-2,904	944,5	NAN
21,1	-2,9025	944,5	NAN
21,2	-2,9025	944,5	NAN
21,3	-2,9025	944,5	NAN
21,4	-2,904	944,5	NAN
21,5	-2,9025	944,5	NAN
21,6	-2,9025	945	NAN
21,7	-2,901	944,5	NAN
21,8	-2,901	945	NAN
21,9	-2,901	944	NAN
22	-2,898	944	NAN
22,1	-2,898	944	NAN
22,2	-2,8965	944,5	NAN
22,3	-2,8935	943,5	NAN
22,4	-2,883	943	NAN
22,5	-2,8725	942	NAN
22,6	-2,8515	940,5	NAN
22,7	-2,841	939,5	NAN
22,8	-2,8335	938,5	NAN
22,9	-2,8335	939	NAN
23	-2,8305	938	NAN
23,1	-2,8275	938	NAN
23,2	-2,823	937,5	NAN
23,3	-2,817	937,5	NAN
23,4	-2,8095	936,5	NAN
23,5	-2,7975	935,5	NAN
23,6	-2,7825	934	NAN
23,7	-2,769	932,5	NAN
23,8	-2,7615	931,5	NAN
23,9	-2,7525	930,5	NAN
24	-2,742	929,5	NAN
24,1	-2,7375	928,5	NAN
24,2	-2,7225	927	NAN
24,3	-2,715	926	NAN
24,4	-2,7075	925,5	NAN
24,5	-2,7105	925,5	NAN
24,6	-2,706	925,5	NAN
24,7	-2,691	923,5	NAN
24,8	-2,679	922	NAN
24,9	-2,6745	921	NAN
25	-2,6655	920,5	NAN
25,1	-2,655	919	NAN
25,2	-2,6415	917,5	NAN
25,3	-2,6055	914	NAN
25,4	-2,5815	910	NAN
25,5	-2,583	909,5	NAN
25,6	-2,583	909	NAN
25,7	-2,574	908,5	NAN
25,8	-2,5515	906	NAN
25,9	-2,5305	902,5	NAN
26	-2,514	900,5	NAN
26,1	-2,493	897,5	NAN
26,2	-2,4615	893	NAN
26,3	-2,4525	890	NAN
26,4	-2,4225	886,5	NAN
26,5	-2,385	881	NAN
26,6	-2,337	873	NAN
26,7	-2,2935	864,5	NAN
26,8	-2,259	858	NAN
26,9	-2,2425	854	NAN
27	-2,166	842,5	NAN
27,1	-2,091	828	NAN
27,2	-2,0355	814	NAN
27,3	-2,019	806	NAN
27,4	-1,965	795,5	NAN
27,5	-1,917	784,5	NAN
27,6	-1,8795	774	NAN
27,7	-1,8615	767,5	NAN
27,8	-1,8375	761,5	NAN
27,9	-1,803	753,5	NAN
28	-1,776	745,5	NAN
28,1	-1,7595	740	NAN
28,2	-1,7265	733	NAN
28,3	-1,707	726,5	NAN
28,4	-1,6845	719,5	NAN
28,5	-1,674	715,5	NAN
28,6	-1,647	709	NAN
28,7	-1,593	696,5	NAN
28,8	-1,5075	676,5	NAN
28,9	-1,4685	661	NAN
29	-1,4565	654	NAN
29,1	-1,416	643	NAN
29,2	-1,3875	634	NAN
29,3	-1,383	630	NAN
29,4	-1,3515	622,5	NAN
29,5	-1,3005	609	NAN
29,6	-1,2975	603,5	NAN
29,7	-1,3005	601,5	NAN
29,8	-1,2945	600	NAN
29,9	-1,287	598,5	NAN
30	-1,2555	592,5	NAN
30,1	-1,2075	578,5	NAN
30,2	-1,1535	562,5	NAN
30,3	-1,1325	553	NAN
30,4	-1,083	539	NAN
30,5	-1,05	526,5	NAN
30,6	-1,0035	512	NAN
30,7	-0,9465	494	NAN
30,8	-0,954	488,5	NAN
30,9	-0,918	479,5	NAN
31	-0,837	452,5	NAN
31,1	-0,8295	444,5	NAN
31,2	-0,828	441	NAN
31,3	-0,8175	438	NAN
31,4	-0,7785	427	NAN
31,5	-0,777	423	NAN
31,6	-0,768	419,5	NAN
31,7	-0,7365	410	NAN
31,8	-0,717	403	NAN
31,9	-0,7065	396	NAN
32	-0,6825	389,5	NAN
32,1	-0,615	367,5	NAN
32,2	-0,5865	351,5	NAN
32,3	-0,564	341	NAN
32,4	-0,5235	326	NAN
32,5	-0,4695	302	NAN
32,6	-0,441	287	NAN
32,7	-0,4155	274	NAN
32,8	-0,402	267	NAN
32,9	-0,372	255	NAN
33	-0,3585	246,5	NAN
33,1	-0,342	239	NAN
33,2	-0,3165	228	NAN
33,3	-0,3	219	NAN
33,4	-0,2745	208	NAN
33,5	-0,222	186,5	NAN
33,6	-0,183	166	NAN
33,7	-0,165	155	NAN
33,8	-0,1545	147	NAN
33,9	-0,1305	138,5	NAN
34	-0,0975	122	NAN
34,1	-0,0795	112	NAN
34,2	-0,0315	92	NAN
34,3	0	74	NAN
34,4	-0,0015	68,5	NAN
34,5	0	66,5	NAN
34,6	-0,0015	65,5	NAN
34,7	-0,0015	64,5	NAN
34,8	0	64	NAN
34,9	0	63,5	NAN
35	0	63	NAN
35,1	0	63	NAN
35,2	0	63	NAN
35,3	0,0015	63	NAN
35,4	-0,0015	63	NAN
35,5	0	63	NAN
35,6	0	63	NAN
35,7	0	62,5	NAN
35,8	0	62,5	NAN
35,9	0,0015	62,5	NAN
36	0,0015	62,5	NAN
36,1	0	62,5	NAN
36,2	0	62,5	NAN
36,3	-0,0015	62,5	NAN
36,4	0,0015	63	NAN
36,5	-0,0015	63	NAN
36,6	0	62,5	NAN
36,7	0,0015	62,5	NAN
36,8	-0,0015	62,5	NAN
36,9	0	62,5	NAN
37	0	62,5	NAN
37,1	0,0015	62,5	NAN
37,2	0	63	NAN
37,3	0	63	NAN
37,4	0	62,5	NAN
37,5	0	62,5	NAN
37,6	-0,0015	62,5	NAN
37,7	0	62,5	NAN
37,8	0	62,5	NAN
37,9	0	62,5	NAN
38	0	62,5	NAN
38,1	0	63	NAN
38,2	0	62,5	NAN
38,3	0,003	62,5	NAN
38,4	-0,0015	62,5	NAN
38,5	-0,0015	62,5	NAN
38,6	0	62,5	NAN
38,7	0	62,5	NAN
38,8	0,0015	62,5	NAN
38,9	0,0015	62,5	NAN
39	0	62,5	NAN
39,1	0	62,5	NAN
39,2	0	62,5	NAN
39,3	0	62,5	NAN
39,4	0	63	NAN
39,5	-0,0015	63	NAN
39,6	0,0015	62,5	NAN
39,7	0	62,5	NAN
39,8	0	62,5	NAN
39,9	0	62,5	NAN
40	0	62,5	NAN
40,1	0	62,5	NAN
40,2	0,0015	62,5	NAN
40,3	0	62,5	NAN
40,4	0	62,5	NAN
40,5	-0,0015	62,5	NAN
40,6	0	62,5	NAN
40,7	0	62,5	NAN
40,8	0	62,5	NAN
40,9	0	62,5	NAN
41	0	62,5	NAN
41,1	0	62,5	NAN
41,2	-0,0015	62,5	NAN
41,3	-0,0015	63	NAN
41,4	0,0015	62,5	NAN
41,5	0	62,5	NAN
41,6	0	62,5	NAN
41,7	0	62,5	NAN
41,8	0	62,5	NAN
41,9	0	62,5	NAN
42	-0,0015	62,5	NAN
42,1	0	62,5	NAN
42,2	0	62,5	NAN
42,3	0	62,5	NAN
42,4	0	62,5	NAN
42,5	0	62,5	NAN
42,6	-0,0015	62,5	NAN
42,7	0	62,5	NAN
42,8	0	63	NAN
42,9	0	62,5	NAN
43	0	62,5	NAN
43,1	0	62,5	NAN
43,2	0	62,5	NAN
43,3	0	62,5	NAN
43,4	-0,0015	62,5	NAN
43,5	0	62,5	NAN
43,6	0	62,5	NAN
43,7	0	62,5	NAN
43,8	0	62,5	NAN
43,9	0	62,5	NAN
44	-0,0015	62,5	NAN
44,1	-0,0015	63	NAN
44,2	0	62,5	NAN
44,3	0	63	NAN
44,4	0	62,5	NAN
44,5	0	62,5	NAN
44,6	0	62,5	NAN
44,7	0	62,5	NAN
44,8	0	62,5	NAN
44,9	0	62,5	NAN
45	0	62,5	NAN
45,1	-0,0015	62,5	NAN
45,2	0,0015	62,5	NAN
45,3	-0,0015	62,5	NAN
45,4	0	62,5	NAN
45,5	-0,0015	62,5	NAN
45,6	0	62,5	NAN
45,7	0	62,5	NAN
45,8	0	62,5	NAN
45,9	-0,0015	62,5	NAN
46	-0,0015	62,5	NAN
46,1	-0,0015	62,5	NAN
46,2	0,0015	62,5	NAN
46,3	0,0015	62,5	NAN
46,4	0	62,5	NAN
46,5	-0,0015	62,5	NAN
46,6	0	62,5	NAN
46,7	0	62,5	NAN
46,8	0	62,5	NAN
46,9	0	62,5	NAN
47	0,0015	63	NAN
47,1	0	62,5	NAN
47,2	0,0015	62,5	NAN
47,3	0,0015	62,5	NAN
47,4	-0,0015	62,5	NAN
47,5	-0,0015	62,5	NAN
47,6	-0,0015	62,5	NAN
47,7	0	62,5	NAN
47,8	0	63	NAN
47,9	0	62,5	NAN
48	0	62,5	NAN
48,1	0,0015	62,5	NAN
48,2	0,0015	62,5	NAN
48,3	0	62,5	NAN
48,4	0	62,5	NAN
48,5	0	62,5	NAN
48,6	0	62,5	NAN
48,7	0,0015	62,5	NAN
48,8	0	63	NAN
48,9	0	62,5	NAN
49	-0,0015	62,5	NAN
49,1	-0,0015	62,5	NAN
49,2	0	62,5	NAN
49,3	0,0015	62,5	NAN
49,4	0,0015	62,5	NAN
49,5	0	62,5	NAN
49,6	0	62,5	NAN
49,7	0	62,5	NAN
49,8	0	62,5	NAN
49,9	0	62,5	NAN
50	0,0015	62,5	NAN
50,1	0	62,5	NAN
50,2	0	62,5	NAN
50,3	-0,0015	62,5	NAN
50,4	0	62,5	NAN
50,5	0	62,5	NAN
50,6	0,0015	62,5	NAN
50,7	0	62,5	NAN
50,8	-0,0015	62,5	NAN
50,9	-0,0015	63	NAN
51	0	62,5	NAN
51,1	-0,0015	62,5	NAN
51,2	0	62,5	NAN
51,3	0	62,5	NAN
51,4	0	62,5	NAN
51,5	0	62,5	NAN
51,6	0	62,5	NAN
51,7	0	62,5	NAN
51,8	0	62,5	NAN
51,9	0,0015	62,5	NAN
52	0	62,5	NAN
52,1	0	62,5	NAN
52,2	0	62,5	NAN
52,3	0	62,5	NAN
52,4	0,0015	62,5	NAN
52,5	0,0015	62,5	NAN
52,6	0	62,5	NAN
52,7	-0,0015	62,5	NAN
52,8	0,0015	62,5	NAN
52,9	0	62,5	NAN
53	-0,0015	62,5	NAN
53,1	-0,0015	62,5	NAN
53,2	0,0015	62,5	NAN
53,3	0	62,5	NAN
53,4	0	62,5	NAN
53,5	0,0015	62,5	NAN
53,6	0	62,5	NAN
53,7	0	63	NAN
53,8	0	62,5	NAN
53,9	0,0015	62,5	NAN
54	0	62,5	NAN
54,1	0	62,5	NAN
54,2	0	62,5	NAN
54,3	0	62,5	NAN
54,4	-0,0015	62,5	NAN
54,5	0	62,5	NAN
54,6	-0,0015	62,5	NAN
54,7	0	62,5	NAN
54,8	0	62,5	NAN
54,9	0	62,5	NAN
55	0	62,5	NAN
55,1	-0,0015	63	NAN
55,2	0,0015	62,5	NAN
55,3	-0,0015	62,5	NAN
55,4	0,0015	62,5	NAN
55,5	0	62,5	NAN
55,6	0	62,5	NAN
55,7	0,0015	62,5	NAN
55,8	0,018	59,5	NAN
55,9	0,0195	57	NAN
56	0,027	54	NAN
56,1	0,027	52,5	NAN
56,2	0,0285	51,5	NAN
56,3	0,0255	51	NAN
56,4	0,027	51	NAN
56,5	0,027	50,5	NAN
56,6	0,027	50,5	NAN
56,7	0,027	50,5	NAN
56,8	0,027	50,5	NAN
56,9	0,027	50,5	NAN
57	0,027	50,5	NAN
57,1	0,0285	50,5	NAN
57,2	0,0285	50,5	NAN
57,3	0,039	49	NAN
57,4	0,045	46	NAN
57,5	0,0465	44	NAN
57,6	0,0495	42	NAN
57,7	0,054	40,5	NAN
57,8	0,0735	35,5	NAN
57,9	0,078	30,5	NAN
58	0,0825	27,5	NAN
58,1	0,0975	23	NAN
58,2	0,108	16	NAN
58,3	0,108	14	NAN
58,4	0,108	13	NAN
58,5	0,108	12,5	NAN
58,6	0,108	12,5	NAN
58,7	0,1095	12	NAN
58,8	0,108	11,5	NAN
58,9	0,1095	11	NAN
59	0,111	11	NAN
59,1	0,123	8,5	NAN
59,2	0,1275	6	NAN
59,3	0,132	4	NAN
59,4	0,135	1	NAN
59,5	0,1395	-1	NAN
59,6	0,1425	-2	NAN
59,7	0,15	-5,5	NAN
59,8	0,15	-6,5	NAN
59,9	0,1485	-7	NAN
60	0,15	-7,5	NAN
60,1	0,15	-7,5	NAN
60,2	0,15	-8	NAN
60,3	0,1485	-8	NAN
60,4	0,1515	-8	NAN
60,5	0,1545	-9	NAN
60,6	0,1575	-10	NAN
60,7	0,1575	-10,5	NAN
60,8	0,159	-11	NAN
60,9	0,174	-15	NAN
61	0,1815	-20	NAN
61,1	0,1965	-25,5	NAN
61,2	0,2175	-34	NAN
61,3	0,24	-45	NAN
61,4	0,276	-59	NAN
61,5	0,2895	-68	NAN
61,6	0,294	-73	NAN
61,7	0,321	-82,5	NAN
61,8	0,3495	-95	NAN
61,9	0,36	-102	NAN
62	0,3615	-105	NAN
62,1	0,3645	-107,5	NAN
62,2	0,372	-110,5	NAN
62,3	0,39	-116,5	NAN
62,4	0,402	-122,5	NAN
62,5	0,42	-130,5	NAN
62,6	0,489	-154,5	NAN
62,7	0,513	-169,5	NAN
62,8	0,528	-178	NAN
62,9	0,546	-187	NAN
63	0,579	-198,5	NAN
63,1	0,5985	-210	NAN
63,2	0,612	-218	NAN
63,3	0,63	-225	NAN
63,4	0,6555	-235,5	NAN
63,5	0,684	-248	NAN
63,6	0,7035	-258	NAN
63,7	0,7365	-270,5	NAN
63,8	0,7605	-280,5	NAN
63,9	0,795	-296	NAN
64	0,8385	-313	NAN
64,1	0,897	-336	NAN
64,2	0,9195	-349	NAN
64,3	0,936	-358,5	NAN
64,4	0,9915	-376,5	NAN
64,5	1,038	-393,5	NAN
64,6	1,071	-411	NAN
64,7	1,1055	-424	NAN
64,8	1,161	-443	NAN
64,9	1,1835	-456	NAN
65	1,209	-467,5	NAN
65,1	1,251	-482	NAN
65,2	1,302	-498,5	NAN
65,3	1,356	-517,5	NAN
65,4	1,392	-533,5	NAN
65,501	1,4205	-545,5	NAN
65,601	1,4715	-561	NAN
65,701	1,4985	-573	NAN
65,801	1,503	-580	NAN
65,901	1,5075	-583	NAN
66,001	1,5105	-586	NAN
66,101	1,47	-582	NAN
66,201	1,4685	-581,5	NAN
66,301	1,4715	-581,5	NAN
66,401	1,512	-585	NAN
66,501	1,5675	-597,5	NAN
66,601	1,6065	-611	NAN
66,701	1,6575	-625	NAN
66,801	1,707	-640,5	NAN
66,901	1,743	-654	NAN
67,001	1,773	-664	NAN
67,101	1,8045	-674,5	NAN
67,201	1,851	-687,5	NAN
67,301	1,9335	-706,5	NAN
67,401	1,962	-719,5	NAN
67,501	1,9785	-728	NAN
67,601	1,9905	-733	NAN
67,701	2,0265	-742	NAN
67,801	2,0475	-748	NAN
67,901	2,0775	-755,5	NAN
68,001	2,094	-761,5	NAN
68,101	2,106	-765,5	NAN
68,201	2,1075	-768	NAN
68,301	2,124	-771	NAN
68,401	2,157	-778	NAN
68,501	2,1735	-783	NAN
68,601	2,187	-787	NAN
68,701	2,2125	-793	NAN
68,801	2,235	-799	NAN
68,901	2,259	-805,5	NAN
69,001	2,2695	-809	NAN
69,101	2,2935	-814	NAN
69,201	2,316	-818,5	NAN
69,301	2,337	-824,5	NAN
69,401	2,349	-828,5	NAN
69,501	2,364	-832,5	NAN
69,601	2,3865	-837	NAN
69,701	2,403	-841,5	NAN
69,801	2,421	-846	NAN
69,901	2,4345	-849,5	NAN
70,001	2,445	-852	NAN
70,101	2,4615	-856	NAN
70,201	2,466	-857	NAN
70,301	2,4855	-861	NAN
70,401	2,511	-865	NAN
70,501	2,517	-868	NAN
70,601	2,517	-870	NAN
70,701	2,5185	-870	NAN
70,801	2,5185	-870,5	NAN
70,901	2,5185	-870,5	NAN
71,001	2,523	-871	NAN
71,101	2,5245	-871	NAN
71,201	2,535	-872,5	NAN
71,301	2,5395	-874	NAN
71,401	2,55	-875,5	NAN
71,501	2,574	-880	NAN
71,601	2,5785	-882,5	NAN
71,701	2,58	-883,5	NAN
71,801	2,586	-884	NAN
71,901	2,604	-887	NAN
72,001	2,6235	-891,5	NAN
72,101	2,625	-892,5	NAN
72,201	2,6265	-893	NAN
72,301	2,6265	-893,5	NAN
72,401	2,628	-893,5	NAN
72,501	2,6325	-894	NAN
72,601	2,637	-895	NAN
72,701	2,646	-896,5	NAN
72,801	2,661	-898,5	NAN
72,901	2,6655	-900	NAN
73,001	2,6745	-902	NAN
73,101	2,7105	-907,5	NAN
73,201	2,715	-910	NAN
73,301	2,721	-912	NAN
73,401	2,7285	-913,5	NAN
73,501	2,733	-914,5	NAN
73,601	2,7345	-915	NAN
73,701	2,7435	-916,5	NAN
73,801	2,7615	-919	NAN
73,901	2,7735	-922	NAN
74,001	2,7885	-924	NAN
74,101	2,8005	-926,5	NAN
74,201	2,799	-927,5	NAN
74,301	2,8005	-927,5	NAN
74,401	2,802	-928	NAN
74,501	2,8095	-928	NAN
74,601	2,82	-930	NAN
74,701	2,826	-932	NAN
74,801	2,8275	-932	NAN
74,901	2,8305	-932,5	NAN
75,001	2,8335	-933,5	NAN
75,101	2,835	-933	NAN
75,201	2,841	-934,5	NAN
75,301	2,8485	-936,5	NAN
75,401	2,8605	-938	NAN
75,501	2,862	-938	NAN
75,601	2,8635	-938	NAN
75,701	2,862	-938,5	NAN
75,801	2,862	-938	NAN
75,901	2,865	-939	NAN
76,001	2,868	-939,5	NAN
76,101	2,874	-940	NAN
76,201	2,8995	-943	NAN
76,301	2,9325	-949,5	NAN
76,401	2,9325	-951	NAN
76,501	2,928	-951	NAN
76,601	2,898	-949	NAN
76,701	2,8935	-948	NAN
76,801	2,895	-948,5	NAN
76,901	2,895	-947	NAN
77,001	2,892	-948,5	NAN
77,101	2,892	-946,5	NAN
77,201	2,892	-948,5	NAN
77,301	2,8935	-948	NAN
77,401	2,8935	-948,5	NAN
77,501	2,892	-947	NAN
77,601	2,8935	-948	NAN
77,701	2,892	-947,5	NAN
77,801	2,8935	-948,5	NAN
77,901	2,895	-948	NAN
78,001	2,892	-948	NAN
78,101	2,8935	-948,5	NAN
78,201	2,892	-947	NAN
78,301	2,895	-948	NAN
78,401	2,8935	-947,5	NAN
78,501	2,8935	-948	NAN
78,601	2,8905	-947	NAN
78,701	2,8935	-948	NAN
78,801	2,892	-948,5	NAN
78,901	2,892	-947	NAN
79,001	2,892	-947	NAN
79,101	2,8935	-947	NAN
79,201	2,892	-947	NAN
79,301	2,8935	-947	NAN
79,401	2,892	-948	NAN
79,501	2,8935	-948,5	NAN
79,601	2,8935	-947,5	NAN
79,701	2,8935	-948,5	NAN
79,801	2,871	-947	NAN
79,901	2,853	-945	NAN
80,001	2,835	-942,5	NAN
80,101	2,796	-940	NAN
80,201	2,7705	-936	NAN
80,301	2,7285	-932,5	NAN
80,401	2,679	-926,5	NAN
80,501	2,64	-922	NAN
80,601	2,631	-920	NAN
80,701	2,6115	-917,5	NAN
80,801	2,586	-914,5	NAN
80,901	2,5635	-911	NAN
81,001	2,55	-908,5	NAN
81,101	2,5215	-905,5	NAN
81,201	2,457	-897,5	NAN
81,301	2,391	-887	NAN
81,401	2,3595	-879,5	NAN
81,501	2,346	-876	NAN
81,601	2,322	-872	NAN
81,701	2,2995	-868	NAN
81,801	2,274	-863	NAN
81,901	2,235	-857	NAN
82,001	2,1945	-848,5	NAN
82,101	2,1615	-841	NAN
82,201	2,16	-838,5	NAN
82,301	2,1585	-837,5	NAN
82,401	2,151	-836,5	NAN
82,501	2,148	-835	NAN
82,601	2,1315	-833	NAN
82,701	2,109	-829	NAN
82,801	2,1075	-827,5	NAN
82,901	2,094	-825	NAN
83,001	2,085	-823	NAN
83,101	2,0625	-819	NAN
83,201	2,04	-813,5	NAN
83,301	2,016	-808	NAN
83,401	1,968	-798,5	NAN
83,501	1,953	-793	NAN
83,601	1,9425	-788,5	NAN
83,701	1,914	-783,5	NAN
83,801	1,9035	-780	NAN
83,901	1,899	-777,5	NAN
84,001	1,8945	-776,5	NAN
84,101	1,878	-773	NAN
84,201	1,872	-771	NAN
84,301	1,857	-767,5	NAN
84,401	1,8525	-765	NAN
84,501	1,8375	-762,5	NAN
84,601	1,812	-756,5	NAN
84,701	1,779	-750	NAN
84,801	1,7595	-743,5	NAN
84,901	1,7325	-737	NAN
85,001	1,6785	-724,5	NAN
85,101	1,668	-718	NAN
85,201	1,6635	-714,5	NAN
85,301	1,6515	-711,5	NAN
85,401	1,614	-704	NAN
85,501	1,5675	-692	NAN
85,601	1,5525	-685,5	NAN
85,701	1,536	-678,5	NAN
85,801	1,5375	-677	NAN
85,901	1,533	-676	NAN
86,001	1,4835	-667	NAN
86,101	1,47	-660	NAN
86,201	1,431	-651,5	NAN
86,301	1,3665	-634,5	NAN
86,401	1,2885	-612,5	NAN
86,501	1,215	-590	NAN
86,601	1,122	-562	NAN
86,701	1,0005	-524	NAN
86,801	0,9315	-494,5	NAN
86,901	0,918	-482	NAN
87,001	0,8865	-470,5	NAN
87,101	0,8505	-458	NAN
87,201	0,822	-446	NAN
87,301	0,78	-432	NAN
87,401	0,741	-416,5	NAN
87,501	0,705	-402	NAN
87,601	0,6405	-379,5	NAN
87,701	0,5865	-357	NAN
87,801	0,54	-334,5	NAN
87,901	0,5205	-324,5	NAN
88,001	0,4695	-303	NAN
88,101	0,459	-294	NAN
88,201	0,429	-283	NAN
88,301	0,372	-259	NAN
88,401	0,3525	-246	NAN
88,501	0,324	-234	NAN
88,601	0,279	-214,5	NAN
88,701	0,2205	-188	NAN
88,801	0,1665	-161	NAN
88,901	0,1515	-150	NAN
89,001	0,0975	-130	NAN
89,101	0,036	-99	NAN
89,201	0,003	-81	NAN
89,301	0	-72	NAN
89,401	-0,0015	-68	NAN
89,501	-0,003	-66,5	NAN
89,601	0	-65,5	NAN
89,701	0	-64,5	NAN
89,801	-0,0015	-64	NAN
89,901	-0,0015	-64	NAN
90,001	-0,0015	-63,5	NAN
90,101	0,0015	-63,5	NAN
90,201	-0,0015	-63	NAN
90,301	0	-63	NAN
90,401	0	-63	NAN
90,501	0	-63	NAN
90,601	0	-62,5	NAN
90,701	0,0015	-62,5	NAN
90,801	0	-62,5	NAN
90,901	-0,0015	-63	NAN
91,001	0	-63	NAN
91,101	-0,0015	-62,5	NAN
91,201	0	-62,5	NAN
91,301	-0,0015	-63	NAN
91,401	0	-63	NAN
91,501	-0,0015	-62,5	NAN
91,601	0	-62,5	NAN
91,701	0,0015	-62,5	NAN
91,801	-0,0015	-63	NAN
91,901	0	-62,5	NAN
92,001	0	-62,5	NAN
92,101	0	-62,5	NAN
92,201	0	-62,5	NAN
92,301	0,0015	-62,5	NAN
92,401	0	-62,5	NAN
92,501	0	-62,5	NAN
92,601	0	-62,5	NAN
92,701	0	-62,5	NAN
92,801	0,0015	-63	NAN
92,901	-0,0015	-62,5	NAN
93,001	0	-63	NAN
93,101	0,0015	-62,5	NAN
93,201	0	-62,5	NAN
93,301	0,0015	-62,5	NAN
93,401	0	-62,5	NAN
93,501	0,0015	-63	NAN
93,601	0	-62,5	NAN
93,701	0	-62,5	NAN
93,801	0	-62,5	NAN
93,901	0,0015	-62,5	NAN
94,001	0	-62,5	NAN
94,101	0	-63	NAN
94,201	0	-62,5	NAN
94,301	0	-63	NAN
94,401	0,0015	-62,5	NAN
94,501	0	-63	NAN
94,601	0	-62,5	NAN
94,701	0	-63	NAN
94,801	0,0015	-63	NAN
94,901	0	-62,5	NAN
95,001	0	-62,5	NAN
95,101	0,0015	-62,5	NAN
95,201	0	-63	NAN
95,301	0,0015	-63	NAN
95,401	0,0015	-62,5	NAN
95,501	0	-62,5	NAN
95,601	0	-62,5	NAN
95,701	0	-62,5	NAN
95,801	0	-62,5	NAN
95,901	0	-62,5	NAN
96,001	0	-62,5	NAN
96,101	0,0015	-63	NAN
96,201	-0,0015	-62,5	NAN
96,301	0	-62,5	NAN
96,401	0	-62,5	NAN
96,501	0	-62,5	NAN
96,601	0	-62,5	NAN
96,701	0,0015	-62,5	NAN
96,801	0	-63	NAN
96,901	0	-62,5	NAN
97,001	0	-62,5	NAN
97,101	0	-62,5	NAN
97,201	0	-63	NAN
97,301	0	-62,5	NAN
97,401	0	-62,5	NAN
97,501	-0,0015	-62,5	NAN
97,601	0	-63	NAN
97,701	0	-63	NAN
97,801	0	-63	NAN
97,901	0	-62,5	NAN
98,001	0	-62,5	NAN
98,101	0	-62,5	NAN
98,201	0	-62,5	NAN
98,301	0,0015	-62,5	NAN
98,401	0	-63	NAN
98,501	0,0015	-63	NAN
98,601	-0,0015	-62,5	NAN
98,701	0	-62,5	NAN
98,801	0	-63	NAN
98,901	-0,0015	-62,5	NAN
99,001	0	-62,5	NAN
99,101	-0,0015	-62,5	NAN
99,201	0	-63	NAN
99,301	0	-62,5	NAN
99,401	0	-62,5	NAN
99,501	0	-62,5	NAN
99,601	0	-63	NAN
99,701	0	-63	NAN
99,801	0	-62,5	NAN
99,901	0,003	-63	NAN
100,001	0	-62,5	NAN
100,101	-0,0015	-62,5	NAN
100,201	-0,0015	-62,5	NAN
100,301	0	-62,5	NAN
100,401	-0,03	-56,5	NAN
100,501	-0,051	-49	NAN
100,601	-0,0795	-37	NAN
100,701	-0,1155	-19,5	NAN
100,801	-0,138	-9	NAN
100,901	-0,156	1	NAN
101,001	-0,1785	12,5	NAN
101,101	-0,2055	24,5	NAN
101,201	-0,2325	37,5	NAN
101,301	-0,258	49	NAN
101,401	-0,2865	63	NAN
101,501	-0,2925	69,5	NAN
101,601	-0,3075	76	NAN
101,701	-0,3405	88	NAN
101,801	-0,369	101	NAN
101,901	-0,396	114,5	NAN
102,001	-0,4095	123	NAN
102,101	-0,429	132	NAN
102,201	-0,4605	145	NAN
102,301	-0,4875	158	NAN
102,401	-0,516	170	NAN
102,501	-0,5625	188,5	NAN
102,601	-0,6015	205	NAN
102,701	-0,6495	224,5	NAN
102,801	-0,6855	243	NAN
102,901	-0,711	256	NAN
103,001	-0,75	273,5	NAN
103,101	-0,7875	290,5	NAN
103,201	-0,8235	305	NAN
103,301	-0,837	315	NAN
103,401	-0,873	328	NAN
103,501	-0,9045	341,5	NAN
103,601	-0,933	354,5	NAN
103,701	-0,975	371	NAN
103,801	-0,9975	383	NAN
103,901	-1,038	396,5	NAN
104,001	-1,0755	412,5	NAN
104,101	-1,098	424	NAN
104,201	-1,134	437,5	NAN
104,301	-1,1655	449,5	NAN
104,401	-1,203	464,5	NAN
104,501	-1,2315	476,5	NAN
104,601	-1,2795	492,5	NAN
104,701	-1,302	505	NAN
104,801	-1,326	513,5	NAN
104,901	-1,3665	527,5	NAN
105,001	-1,3905	538	NAN
105,101	-1,428	550	NAN
105,201	-1,473	565,5	NAN
105,301	-1,5165	579,5	NAN
105,401	-1,542	589,5	NAN
105,501	-1,563	598,5	NAN
105,601	-1,5945	609,5	NAN
105,701	-1,62	617	NAN
105,801	-1,6875	633,5	NAN
105,901	-1,7475	652	NAN
106,001	-1,782	666	NAN
106,101	-1,812	677	NAN
106,201	-1,8165	682,5	NAN
106,301	-1,83	687	NAN
106,401	-1,8345	689,5	NAN
106,501	-1,806	688,5	NAN
106,601	-1,8105	688	NAN
106,701	-1,8135	688	NAN
106,801	-1,8225	689,5	NAN
106,901	-1,8585	693,5	NAN
107,001	-1,944	712	NAN
107,101	-1,974	724,5	NAN
107,201	-2,0235	737,5	NAN
107,301	-2,067	749,5	NAN
107,401	-2,106	761,5	NAN
107,501	-2,1315	769,5	NAN
107,601	-2,1525	777	NAN
107,701	-2,1705	782,5	NAN
107,801	-2,181	786	NAN
107,901	-2,2065	792	NAN
108,001	-2,2245	797	NAN
108,101	-2,253	804	NAN
108,201	-2,2635	807,5	NAN
108,301	-2,271	810	NAN
108,401	-2,2845	813	NAN
108,501	-2,3055	818	NAN
108,601	-2,31	820	NAN
108,701	-2,3085	821	NAN
108,801	-2,31	821,5	NAN
108,901	-2,313	822	NAN
109,001	-2,313	822	NAN
109,101	-2,322	823	NAN
109,201	-2,319	823,5	NAN
109,301	-2,3205	824	NAN
109,401	-2,331	825,5	NAN
109,501	-2,355	829,5	NAN
109,601	-2,361	832	NAN
109,701	-2,367	834,5	NAN
109,801	-2,367	834,5	NAN
109,901	-2,37	835	NAN
110,001	-2,37	836	NAN
110,101	-2,3745	836	NAN
110,201	-2,394	839	NAN
110,301	-2,4045	842,5	NAN
110,401	-2,424	846	NAN
110,501	-2,4315	849	NAN
110,601	-2,4615	853,5	NAN
110,701	-2,484	859	NAN
110,801	-2,502	863,5	NAN
110,901	-2,52	868	NAN
111,001	-2,529	870,5	NAN
111,101	-2,5335	872,5	NAN
111,201	-2,5455	874,5	NAN
111,301	-2,55	876	NAN
111,401	-2,565	878,5	NAN
111,501	-2,589	882,5	NAN
111,601	-2,6025	886	NAN
111,701	-2,625	890	NAN
111,801	-2,64	894	NAN
111,901	-2,658	897,5	NAN
112,001	-2,682	902,5	NAN
112,101	-2,6895	905	NAN
112,201	-2,706	908	NAN
112,301	-2,724	910,5	NAN
112,401	-2,742	914	NAN
112,501	-2,7555	917,5	NAN
112,601	-2,769	920	NAN
112,701	-2,7855	922,5	NAN
112,801	-2,8185	928	NAN
112,901	-2,8215	930,5	NAN
113,001	-2,82	931	NAN
113,101	-2,8245	931	NAN
113,201	-2,8275	932	NAN
113,301	-2,829	932,5	NAN
113,401	-2,832	933	NAN
113,501	-2,835	933,5	NAN
113,601	-2,8395	934,5	NAN
113,701	-2,8455	935	NAN
113,801	-2,877	939	NAN
113,901	-2,916	945	NAN
114,001	-2,922	948	NAN
114,101	-2,9235	949	NAN
114,201	-2,922	949	NAN
114,301	-2,9205	949	NAN
114,401	-2,919	949	NAN
114,501	-2,922	949	NAN
114,601	-2,922	949	NAN
114,701	-2,9205	949	NAN
114,801	-2,9205	949	NAN
114,901	-2,9205	949	NAN
115,001	-2,9205	949	NAN
115,101	-2,9205	949	NAN
115,201	-2,919	949	NAN
115,301	-2,9205	949	NAN
115,401	-2,9205	949	NAN
115,501	-2,922	949	NAN
115,601	-2,922	949	NAN
115,701	-2,9205	949	NAN
115,801	-2,9205	949	NAN
115,901	-2,9205	949	NAN
116,001	-2,9205	948,5	NAN
116,101	-2,9205	949	NAN
116,201	-2,9205	949	NAN
116,301	-2,9205	949	NAN
116,401	-2,9205	949	NAN
116,501	-2,922	949	NAN
116,601	-2,9205	949	NAN
116,701	-2,919	949	NAN
116,801	-2,919	949	NAN
116,901	-2,919	949,5	NAN
117,001	-2,919	949	NAN
117,101	-2,9205	949	NAN
117,201	-2,9205	949	NAN
117,301	-2,922	948,5	NAN
117,401	-2,919	949	NAN
117,501	-2,9205	949	NAN
117,601	-2,919	949	NAN
117,701	-2,919	949	NAN
117,801	-2,919	949	NAN
117,901	-2,919	949	NAN
118,001	-2,922	949	NAN
118,101	-2,9205	949	NAN
118,201	-2,919	949	NAN
118,301	-2,9205	948,5	NAN
118,401	-2,919	949	NAN
118,501	-2,919	949	NAN
118,601	-2,9175	949	NAN
118,701	-2,919	949	NAN
118,801	-2,919	949	NAN
118,901	-2,9175	949	NAN
119,001	-2,919	948,5	NAN
119,101	-2,9205	949	NAN
119,201	-2,919	948,5	NAN
119,301	-2,919	949	NAN
119,401	-2,919	949	NAN
119,501	-2,919	949	NAN
119,601	-2,9205	949	NAN
119,701	-2,919	949	NAN
119,801	-2,9205	949	NAN
119,901	-2,9205	949	NAN
120,001	-2,9205	949	NAN
120,101	-2,919	949,5	NAN
120,201	-2,9205	948,5	NAN
120,301	-2,9205	949	NAN
120,401	-2,919	948,5	NAN
120,501	-2,919	949	NAN
120,601	-2,9205	949	NAN
120,701	-2,919	949	NAN
120,801	-2,9205	949	NAN
120,901	-2,919	949	NAN
121,001	-2,919	949	NAN
121,101	-2,9175	948,5	NAN
121,201	-2,919	949	NAN
121,301	-2,919	949	NAN
121,401	-2,9175	948,5	NAN
121,501	-2,9175	949	NAN
121,601	-2,9205	948,5	NAN
121,701	-2,9205	949	NAN
121,801	-2,9205	948,5	NAN
121,901	-2,919	949	NAN
122,001	-2,9175	949	NAN
122,101	-2,919	949	NAN
122,201	-2,919	949	NAN
122,301	-2,9205	949	NAN
122,401	-2,9175	949	NAN
122,501	-2,9175	948,5	NAN
122,601	-2,9175	949	NAN
122,701	-2,919	949	NAN
122,801	-2,9205	949	NAN
122,901	-2,9175	948,5	NAN
123,001	-2,919	949	NAN
123,101	-2,9205	948,5	NAN
